76.5
76.8
87.9
89.6
80.4
91.5
78.2
86.4
86.9
79.5
66.9
82.8
77.4
86.3
73.6
95.2
73.2
90.6
58.9
84.5
89.5
89.6
85.1
90.8
75
85.4
89.4
82.4
89.3
79.2
71.4
85.3
80
86.5
88.7
84.4
78.1
87.4
78.3
92.9
85.9
85.9
82.4
90.5
84
89.2
82.2
84.4
80.4
77.2
70.9
83.7
78.6
80.5
84.2
85.6
85.1
81
91.8
62.2
72.1
90.1
83.8
80.5
82
81.4
85.5
80.2
82.2
78.1
89
87.3
89.8
84.6
93.7
74.6
78.7
80.6
92.9
90.6
80.5
72.2
79
88.3
75.3
85.5
69.2
73.9
90.5
75.4
86.6
82.8
31.5
74
97.3
85.2
81.8
57.7
85.7
72.7
73.8
37.4
85.3
89.2
80.4
90.7
73.3
83.8
89.2
88.3
75
86
69.8
87.9
77.8
89.7
61.6
72.7
74.6
90.1
84.3
73.7
79
83
88
86.4
84.2
88.7
88.8
84.6
83.6
86.3
76.8
91.8
50
87.2
49.4
41.9
81.7
72
86
72.5
84.8
87
79.2
80.2
84.3
89.2
76
83.2
86.3
69.7
69.6
92.7
93.2
73.9
89.9
80
77.6
81.8
89
77.6
73.9
75.6
84.3
81.9
79.5
85.1
74.2
61.2
91.9
65
78.6
84
91.2
88.8
84.4
88.6
94.1
71.8
92.9
69.9
84.2
100
82.9
60.3
76.3
45.9
84.2
52.6
83.6
76.3
90.1
88.6
91.1
78.1
69.4
82.3
66.7
89.4
